17
0	7	11	8	5	5	6	8	7	5	6	11	1	9	5	11	10
1	0	10	5	10	1	6	1	10	1	2	1	4	1	3	7	5
1	1	0	9	3	6	6	9	8	9	9	7	4	11	4	2	11
2	4	7	0	11	7	7	9	7	6	8	8	7	8	1	9	8
1	5	10	5	0	8	8	1	5	5	5	7	2	8	8	1	7
10	5	5	3	1	0	11	8	6	7	4	10	4	5	6	11	5
10	8	9	6	4	8	0	8	6	1	3	7	7	9	5	2	5
9	6	7	7	4	3	11	0	10	7	9	2	9	1	11	11	10
5	9	2	8	3	10	11	3	0	10	4	9	7	6	9	9	1
1	5	8	4	5	5	3	9	2	0	2	6	1	10	6	10	3
1	1	8	3	8	7	3	4	8	1	0	11	11	7	6	1	7
10	6	11	4	10	11	10	9	1	5	9	0	11	8	6	2	8
4	8	10	9	3	1	1	9	10	9	6	5	0	4	6	1	11
9	9	3	7	8	11	3	6	4	11	5	11	3	0	5	5	6
1	3	1	1	1	2	7	9	10	2	11	2	5	11	0	2	3
6	2	9	2	1	9	6	2	7	10	1	9	1	5	2	0	10
5	2	11	4	3	4	10	2	5	9	1	10	7	2	1	1	0
