19
0	18	3	10	4	19	10	18	2	9	20	17	17	3	14	14	8	2	1
14	0	9	6	10	9	6	1	19	1	3	3	3	3	20	5	5	3	15
14	20	0	16	14	19	4	2	13	17	15	1	11	15	14	19	1	15	19
6	15	10	0	18	18	12	1	12	3	17	8	5	4	14	16	11	7	7
15	9	11	3	0	3	3	13	18	8	3	10	3	14	7	9	3	4	6
14	4	10	8	1	0	9	12	4	2	19	14	9	17	20	9	8	3	3
2	7	12	10	10	1	0	12	15	7	20	17	11	18	2	14	19	9	6
7	12	1	9	2	7	9	0	19	6	17	18	8	19	19	7	11	8	8
3	11	2	10	11	18	12	20	0	11	17	18	19	3	16	2	15	4	3
1	4	1	7	20	10	6	11	9	0	4	13	16	11	15	7	12	16	9
1	7	20	3	4	17	13	18	4	14	0	4	20	17	5	3	9	3	15
19	20	5	19	4	9	14	14	15	12	18	0	11	12	10	9	11	13	4
19	5	13	3	19	17	2	7	1	4	7	15	0	18	17	14	14	15	17
2	1	3	17	4	20	19	16	9	7	6	13	3	0	5	18	15	7	8
11	8	6	3	3	12	17	1	1	11	6	7	19	8	0	7	1	16	3
12	14	18	13	12	3	5	14	19	2	1	17	1	11	4	0	6	14	19
10	2	11	2	12	16	8	11	3	7	3	10	9	15	3	18	0	7	7
20	3	12	11	17	12	7	17	15	3	3	20	1	4	1	11	5	0	5
6	4	7	1	10	9	10	10	15	5	7	1	11	19	4	14	9	12	0
